rabbits
0 1569
in
0 10 24 26 28 29 44 59 69 71 72 92 95 114 118 119 126 127 138 150 157 161 165 171 172 195 215 227 228 253 254 265 269 270 275 283 309 310 321 333 335 351 375 376 377 384 398 423 445 448 463 472 503 513 538 548 550 555 560 567 581 600 602 610 611 615 651 664 681 703 711 716 719 723 738 748 766 771 786 794 810 813 818 820 822 826 841 847 863 870 878 893 908 921 933 958 959 962 978 982 1007 1023 1031 1035 1043 1050 1054 1056 1069 1070 1072 1112 1115 1121 1123 1130 1155 1166 1196 1205 1206 1212 1232 1237 1242 1246 1258 1265 1279 1287 1305 1338 1343 1375 1380 1387 1391 1402 1404 1411 1419 1425 1431 1432 1434 1437 1438 1461 1471 1472 1475 1480 1485 1486 1489 1499 1509 1520 1523 1525 1526 1544 1547 1569 1573 1578 1580 1581 1582 1584 1586 1588 1590 1591 1594 1611 1624 1626 1632 1636 1646 1652 1661 1674 1682 1713 1727 1730 1733 1739 1751 1752 1768 1776 1786 1802 1808 1811 1816 1819 1846 1847 1863 1890 1914 1915 1920 1921 1931 1935 1939 1955 1960 1963 1972 1974 1978 1983 1990 2015 2031 2044 2048 2050 2054 2058 2080 2096 2097 2112 2113 2129
forest
0 286 1569
map
1 1108 1358
of
1 9 13 19 20 23 31 34 41 42 45 45 46 49 50 53 60 62 68 68 69 71 72 73 74 79 87 89 90 90 93 98 99 105 110 116 116 119 131 133 143 143 144 147 150 153 174 179 182 184 186 193 196 200 202 203 207 207 210 211 214 216 217 217 219 226 226 227 229 232 236 245 246 250 255 256 264 269 271 275 277 282 285 291 292 295 298 298 304 305 307 310 312 315 320 336 344 346 348 354 357 361 361 363 364 370 372 374 377 378 387 387 390 398 399 403 415 419 420 425 426 428 431 438 464 471 476 480 485 486 495 496 499 500 501 509 512 513 515 516 522 528 531 537 537 541 545 552 553 561 567 567 569 582 582 591 593 597 600 610 611 617 618 619 624 626 629 630 642 646 650 656 662 666 669 670 671 671 682 685 689 695 706 719 721 722 723 726 727 730 732 744 746 748 756 756 757 767 769 772 776 778 780 781 798 800 802 805 806 808 813 821 825 837 839 842 848 849 854 857 863 870 882 892 893 898 901 902 907 911 912 917 921 923 925 932 948 949 953 953 955 957 958 961 967 969 972 983 988 989 990 994 999 1003 1009 1012 1017 1017 1020 1023 1025 1027 1039 1040 1041 1042 1043 1051 1053 1058 1063 1063 1063 1065 1065 1074 1075 1085 1089 1092 1093 1094 1094 1095 1097 1101 1105 1108 1109 1109 1120 1126 1127 1128 1141 1150 1157 1160 1163 1169 1171 1173 1177 1182 1188 1190 1194 1195 1216 1220 1224 1226 1227 1229 1231 1234 1235 1236 1238 1248 1254 1257 1278 1279 1283 1289 1296 1300 1303 1304 1308 1312 1314 1326 1326 1340 1342 1343 1344 1345 1353 1365 1367 1370 1375 1376 1382 1386 1387 1392 1394 1395 1396 1399 1407 1417 1421 1422 1432 1442 1452 1456 1458 1459 1460 1472 1474 1476 1479 1485 1486 1492 1497 1502 1504 1509 1511 1514 1526 1527 1541 1564 1566 1575 1576 1582 1583 1592 1593 1597 1598 1603 1608 1610 1616 1619 1624 1625 1628 1629 1638 1639 1651 1654 1657 1663 1669 1670 1673 1680 1682 1694 1699 1700 1702 1708 1714 1716 1719 1728 1742 1743 1744 1746 1747 1758 1766 1767 1771 1773 1774 1776 1781 1782 1782 1787 1789 1790 1801 1802 1803 1812 1813 1819 1828 1829 1829 1830 1842 1846 1847 1857 1857 1860 1862 1865 1867 1870 1871 1873 1874 1875 1879 1880 1889 1892 1896 1897 1901 1906 1911 1912 1913 1914 1914 1921 1922 1923 1932 1933 1936 1947 1952 1955 1955 1961 1962 1966 1968 1969 1975 1982 1984 1986 1993 2000 2003 2004 2008 2020 2024 2030 2031 2033 2035 2038 2043 2045 2049 2059 2061 2062 2069 2069 2076 2078 2081 2084 2084 2093 2094 2094 2097 2098 2101 2115 2119 2124 2127
highest
1 94 206 554 678 960 1108 1162 1314 1356 1720 2098
peak
1 1108 1317 1335 1739
zigzag
2 686 965 1202 1733
conversion
2 965
is
3 90 243 256 426 489 582 590 675 712 819 865 954 1063 1296 1371 1447 1471 1529 1775 1806 1861 1920
graph
3 29 171 188 275 324 548 630 669 925 1064 1196 1343 1520 1737 1846
bipartite?
3
reverse
4 419 481 495 574 603 736 944 1115 1194 1381 1391 1437 1661 1698 1789 1834 1880 2005 2016 2119
linked
4 59 184 270 287 461 464 560 615 968 1014 1037 1056 1135 1260 1315 1345 1347 1381 1517 1594 1807 1890 1932 1957
list
4 59 65 90 90 118 169 184 223 270 287 311 461 464 560 827 968 1014 1037 1056 1135 1142 1218 1260 1315 1319 1345 1347 1376 1381 1517 1589 1594 1807 1890 1957 1981 2028 2065
ii
4 113 239 243 251 287 322 356 359 366 376 438 465 481 484 508 525 533 586 587 620 667 690 779 784 787 801 804 814 836 840 868 880 890 904 922 926 935 970 981 1002 1007 1013 1082 1084 1116 1152 1159 1167 1201 1204 1258 1264 1297 1330 1335 1361 1397 1398 1409 1414 1429 1436 1481 1500 1531 1540 1570 1571 1577 1591 1618 1630 1631 1671 1680 1722 1785 1838 1872 1878 1947 1976 2015 2019 2028 2066 2092 2103 2114 2130
permutation
5 15 178 362 371 972 1561 1674 1696 1713 1714
sequence
5 515 549 636 687 946 1068 1390 1426 1800
last
6 423 1084 1351 1608 1628 1639 1730 1776 1794 1803
day
6 902 1072 1790 1993
where
6 658 1063 1072 1321 1665
you
6 267 350 491 530 658 776 781 1072 1173 1334 1575 1975 2061
can
6 130 267 297 350 374 491 530 562 591 636 658 666 781 941 1091 1155 1173 1214 1274 1294 1334 1518 1573 1575 1680 1715 1975 2037 2061
still
6
cross
6 751
form
7 374 486 666 831 1199 1708 2003 2070
smallest
7 39 135 156 157 202 221 345 351 360 410 448 450 452 477 543 561 602 663 664 667 668 709 735 746 949 1021 1079 1137 1162 1178 1242 1273 1462 1487 1497 1522 1592 1736 1743 1801 1841 1931 1952 1954 2104
number
7 9 31 39 49 72 79 89 93 96 98 99 133 144 150 153 157 174 175 179 182 196 200 207 211 214 216 218 219 232 235 291 298 299 307 310 312 315 320 348 361 374 390 398 399 403 426 442 451 454 471 473 476 486 493 495 500 501 508 512 513 516 522 531 535 545 552 558 582 591 593 597 600 610 611 619 624 642 664 671 685 695 709 720 722 726 727 730 732 734 746 756 757 769 770 776 778 780 781 782 800 802 816 823 839 849 856 857 863 870 892 893 898 901 907 911 917 921 921 923 924 932 957 958 983 986 988 989 990 994 999 1012 1017 1020 1021 1025 1027 1041 1042 1043 1048 1051 1058 1063 1063 1074 1075 1097 1126 1141 1157 1160 1163 1169 1173 1177 1182 1194 1216 1229 1236 1248 1249 1254 1257 1267 1283 1289 1296 1303 1308 1309 1313 1324 1365 1370 1382 1386 1387 1395 1396 1399 1408 1414 1417 1427 1432 1433 1442 1442 1452 1454 1456 1458 1474 1479 1486 1504 1509 1512 1527 1540 1553 1566 1575 1594 1596 1603 1619 1624 1639 1651 1662 1680 1682 1686 1687 1688 1694 1699 1711 1714 1719 1728 1742 1743 1747 1758 1766 1767 1773 1774 1782 1783 1787 1801 1802 1811 1812 1813 1828 1830 1858 1867 1870 1873 1885 1897 1906 1912 1914 1915 1921 1923 1937 1947 1966 1974 1975 1982 2003 2004 2020 2031 2032 2038 2043 2049 2059 2061 2078 2084 2094
from
7 36 39 65 106 134 222 260 309 315 331 365 462 477 491 519 530 612 636 733 848 879 934 945 1004 1037 1049 1096 1180 1190 1229 1306 1334 1376 1420 1435 1462 1496 1518 1530 1565 1596 1639 1703 1760 1788 1807 1832 1838 1844 1866 1883 1900 1951 1995 2007 2028 2085
two
7 25 36 38 46 98 124 141 168 176 193 203 217 243 279 308 347 390 438 462 479 489 523 555 569 580 629 653 666 706 721 748 792 828 914 1063 1065 1118 1138 1143 1187 1262 1269 1350 1367 1497 1549 1564 1574 1576 1599 1627 1631 1670 1702 1716 1724 1771 1819 1860 1865 1901 1907 1928 1932 1947 1992 2022 2094 2105 2109
digit
7 175 175 363 512 656 839 930 1029 1039 1179 1433 1596 1667 1750 1960
arrays
7 79 193 264 438 624 629 666 757 792 1005 1138 1169 1269 1350 1497 1564 1771 1865 1907
maximum
8 34 40 46 63 73 92 104 131 154 181 185 186 194 196 204 214 217 250 253 261 281 315 319 336 340 353 365 367 380 399 429 430 464 472 491 496 499 502 516 522 541 591 611 619 630 632 652 658 669 670 671 688 703 722 727 733 744 748 763 769 781 816 825 833 837 844 851 856 865 867 870 894 898 907 912 914 920 932 945 958 964 967 972 996 1012 1015 1040 1041 1043 1048 1052 1065 1092 1093 1094 1095 1105 1120 1124 1125 1140 1148 1173 1175 1190 1207 1209 1216 1229 1231 1232 1235 1273 1279 1294 1300 1304 1306 1334 1352 1367 1395 1431 1452 1494 1505 1507 1511 1551 1563 1565 1575 1585 1611 1613 1630 1649 1659 1668 1680 1681 1717 1745 1750 1753 1756 1771 1792 1802 1813 1819 1827 1849 1875 1883 1896 1897 1898 1914 1923 1961 1975 2006 2033 2035 2061 2075 2076 2084 2093 2108 2121 2129
white
8 1831
tiles
8 1831
covered
8 996 1547 2029
by
8 89 123 148 177 254 278 302 521 523 597 645 694 780 804 828 832 844 864 928 941 964 996 1099 1214 1224 1250 1269 1372 1392 1433 1471 1528 1595 1599 1612 1660 1666 1708 1736 1750 1762 1826 1881 1907 1929 1952 2001 2056 2071 2107 2131
a
8 19 22 24 26 29 33 42 53 59 62 68 69 71 71 73 74 87 90 118 126 131 135 136 143 159 165 202 207 215 221 244 254 256 259 268 275 275 277 292 304 310 313 320 335 343 351 361 362 378 398 407 419 424 431 433 435 442 452 454 464 472 473 486 486 489 492 493 496 498 503 504 538 552 562 567 567 567 577 581 582 590 593 610 630 656 669 671 675 683 702 711 744 746 751 753 771 775 780 788 796 800 807 813 820 825 826 831 847 854 863 870 878 878 879 893 921 948 949 966 973 978 994 1023 1032 1035 1043 1054 1056 1069 1077 1085 1093 1094 1101 1112 1121 1125 1126 1185 1188 1195 1196 1227 1229 1232 1232 1237 1242 1253 1265 1276 1279 1300 1312 1314 1315 1335 1337 1340 1341 1345 1360 1375 1375 1375 1391 1396 1404 1411 1412 1427 1432 1436 1437 1442 1444 1447 1450 1452 1460 1472 1479 1503 1509 1510 1515 1520 1525 1526 1532 1546 1547 1551 1580 1583 1588 1594 1611 1613 1619 1624 1628 1662 1662 1700 1714 1720 1739 1740 1744 1750 1751 1752 1753 1766 1787 1788 1802 1829 1846 1846 1862 1863 1866 1874 1900 1914 1920 1920 1939 1955 1955 1956 1960 1963 1971 1972 1972 1978 1983 2000 2002 2003 2007 2011 2022 2025 2030 2030 2037 2039 2044 2048 2054 2073 2079 2084 2088 2094 2097 2112
carpet
8
count
9 15 84 102 105 107 108 130 140 143 166 175 177 179 182 234 277 289 296 304 369 401 435 442 443 455 463 488 495 500 539 545 577 585 666 685 707 708 757 778 789 810 899 908 932 960 961 966 991 1019 1046 1054 1074 1075 1089 1102 1149 1160 1171 1174 1179 1270 1280 1308 1338 1343 1370 1373 1386 1394 1401 1419 1458 1475 1493 1632 1634 1636 1647 1679 1692 1742 1752 1758 1768 1797 1808 1845 1847 1876 1905 1921 2000 2001 2013 2035 2078 2079 2112 2128
the
9 10 10 19 45 52 55 60 72 74 86 89 94 99 101 116 118 134 135 174 179 184 185 186 189 193 202 205 217 219 233 297 326 355 357 357 368 372 374 379 383 388 405 423 424 434 442 452 471 480 480 499 501 513 519 549 558 559 559 563 566 583 593 595 609 612 626 629 637 642 646 648 652 658 663 665 687 689 692 719 737 742 746 746 757 761 764 769 776 797 806 808 810 817 838 851 860 902 905 906 907 912 915 916 916 917 918 960 1015 1021 1022 1027 1031 1033 1050 1053 1055 1065 1072 1101 1102 1109 1123 1138 1160 1176 1188 1198 1221 1246 1283 1286 1289 1290 1291 1296 1302 1314 1321 1345 1370 1371 1389 1389 1401 1403 1415 1425 1440 1447 1458 1479 1489 1492 1526 1526 1528 1534 1547 1552 1566 1572 1581 1595 1607 1608 1625 1625 1652 1655 1657 1665 1682 1682 1709 1742 1743 1749 1771 1777 1778 1792 1801 1801 1817 1818 1829 1848 1857 1858 1873 1874 1889 1909 1917 1921 1923 1941 1949 1952 1993 2026 2031 2031 2044 2049 2058 2062 2074 2088 2091 2091 2094 2107 2121
fair
9 244 1597 1877
pairs
9 95 133 346 364 499 500 612 618 756 767 778 857 864 914 958 1089 1097 1101 1220 1224 1252 1257 1338 1343 1358 1385 1394 1522 1636 1719 1752 1782 1796 1935 2001 2016 2025 2038 2125
find
10 28 41 55 74 94 101 116 135 171 193 202 210 233 234 236 260 279 283 295 357 410 413 473 487 532 553 558 566 567 579 596 618 626 629 642 646 652 658 681 683 698 701 711 742 746 820 822 838 884 907 916 925 933 942 959 962 969 1015 1051 1053 1060 1137 1138 1176 1185 1188 1198 1205 1214 1219 1246 1249 1258 1281 1291 1296 1317 1335 1336 1359 1405 1420 1425 1434 1440 1446 1479 1492 1522 1526 1562 1581 1612 1625 1646 1676 1690 1726 1734 1747 1776 1788 1818 1829 1832 1850 1851 1887 1923 1928 1977 1990 1998 2030 2058 2120
kth
10 202 351 543 664 689 709 1021 1035 1121 1195 1242 1402 1434 1497 1595 1998 2080
largest
10 32 96 112 160 219 374 521 549 639 644 655 662 677 706 725 745 822 883 1035 1118 1121 1149 1199 1206 1354 1362 1433 1492 1520 1553 1687 1692 1760 1811 1879 1915 1931 1960 1998 2043 2080 2086
integer
10 13 28 47 100 222 485 530 603 642 655 683 705 752 1028 1109 1178 1199 1320 1451 1594 1617 1736 1818 1948 2035 2035
array
10 23 28 40 44 48 62 67 74 86 95 116 129 138 150 172 193 210 229 236 242 243 244 256 302 305 332 342 355 363 375 383 387 388 406 445 528 532 550 553 557 563 575 579 589 592 594 612 626 646 650 657 658 675 681 684 692 700 703 719 723 733 737 738 740 742 748 755 764 767 771 792 804 812 832 864 865 877 885 891 898 923 933 958 959 967 969 993 1000 1004 1023 1031 1050 1053 1080 1088 1092 1105 1123 1127 1166 1202 1210 1221 1223 1226 1232 1243 1246 1250 1252 1258 1279 1299 1305 1306 1314 1338 1351 1362 1365 1366 1378 1380 1390 1399 1402 1411 1420 1420 1425 1431 1447 1453 1469 1475 1490 1532 1532 1541 1543 1581 1626 1634 1636 1646 1651 1694 1708 1708 1722 1734 1739 1768 1776 1784 1806 1814 1815 1815 1819 1820 1834 1838 1857 1884 1889 1894 1902 1909 1926 1936 1974 1986 1990 2001 2003 2015 2026 2051 2080 2085 2087 2090 2101 2118 2125 2131
all
11 45 116 143 195 205 226 232 260 295 339 359 372 373 376 385 420 431 455 507 509 553 555 618 663 681 698 711 714 716 730 759 813 933 934 997 1026 1034 1072 1154 1154 1168 1254 1314 1357 1365 1421 1425 1485 1488 1547 1598 1609 1628 1646 1726 1830 1840 1845 1846 1851 1862 1876 1913 1983 2099 2118 2120 2124
o`one
11
data
11 64 1786 1788 1832 2111
structure
11 2111
jump
12 459 469 608 620 903 931 1066 1556 1577
game
12 19 117 167 197 225 238 318 356 357 391 408 459 469 551 608 646 768 799 889 1038 1066 1122 1185 1193 1213 1355 1364 1538 1556 1577 1625 1640 1656 1795 2031 2068 2081
v
12 1122
complement
13 2032
base
13 345 783 1582 1973
10
13
fraction
14 673 1841
to
14 22 23 48 49 66 73 79 86 87 91 98 125 136 139 148 159 163 168 174 181 200 205 205 208 211 216 222 244 298 301 307 312 320 321 325 329 332 332 343 348 359 372 379 379 383 385 389 393 406 411 420 423 428 452 458 470 473 485 486 493 501 504 504 507 510 513 528 552 556 557 563 565 575 576 581 592 617 631 672 695 695 702 702 705 714 721 726 730 737 739 751 764 765 771 777 780 792 798 807 812 824 827 831 831 835 837 842 849 861 868 878 881 885 892 898 901 911 917 918 921 921 923 926 927 927 934 956 956 961 963 971 983 992 997 1000 1005 1019 1021 1026 1027 1028 1028 1032 1045 1063 1067 1077 1080 1087 1088 1098 1126 1127 1141 1145 1156 1158 1161 1168 1180 1186 1197 1199 1202 1210 1221 1229 1236 1249 1253 1254 1254 1266 1280 1289 1291 1298 1299 1303 1313 1320 1323 1357 1365 1365 1366 1389 1393 1396 1399 1417 1441 1442 1442 1451 1464 1465 1474 1477 1478 1484 1488 1500 1503 1506 1507 1512 1513 1515 1517 1527 1539 1545 1546 1557 1594 1596 1607 1613 1613 1615 1617 1619 1619 1634 1639 1641 1651 1651 1657 1694 1709 1709 1714 1722 1726 1728 1728 1772 1773 1778 1782 1787 1797 1808 1809 1812 1821 1834 1839 1885 1895 1909 1926 1928 1945 1947 1948 1953 1959 1970 1971 1973 1977 1982 1983 1994 2003 2007 2018 2022 2026 2030 2049 2070 2071 2078 2088 2096 2117 2118 2127
recurring
14
decimal
14
vowels
15 419 509 1485 1914 2058
cache
16 758 774
with
16 23 24 30 38 55 68 70 73 99 108 109 112 121 129 151 152 178 185 196 202 204 211 221 250 268 279 289 324 330 336 348 353 362 386 400 405 413 418 424 433 439 443 450 455 471 498 500 514 538 554 556 561 595 614 619 622 637 640 652 655 657 659 663 707 718 725 733 740 746 788 790 823 835 884 949 954 960 998 1018 1039 1045 1051 1064 1148 1162 1169 1179 1191 1199 1224 1255 1273 1300 1303 1304 1312 1314 1378 1383 1395 1405 1412 1492 1494 1522 1532 1535 1539 1593 1603 1615 1620 1634 1647 1669 1678 1679 1682 1690 1692 1693 1738 1752 1782 1831 1849 1850 1851 1867 1875 1876 1905 1913 1953 1956 1972 1989 2004 2021 2023 2024 2025 2027 2039 2065 2082 2083 2086 2099 2104 2108
time
16 111 321 325 382 385 394 428 510 559 617 631 644 694 751 759 878 901 971 994 1045 1113 1168 1278 1357 1422 1464 1477 1484 1500 1539 1612 1641 1726 1778 1809 1839 1950 1971 1983 1987 1994 2018 2088 2127
limit
16 386 556 1587 1950 2097
sqrt(x)
17
minimum
18 47 48 66 71 79 87 91 98 111 136 139 163 174 194 200 208 216 275 301 307 321 325 343 349 359 377 379 398 405 415 417 444 458 492 501 504 510 563 575 576 581 592 595 617 631 654 672 696 702 721 730 736 759 764 766 780 787 794 798 826 831 839 851 858 861 878 881 885 901 923 951 956 959 971 983 985 988 989 999 1000 1005 1021 1027 1028 1032 1077 1080 1087 1098 1127 1141 1146 1156 1158 1168 1169 1197 1204 1210 1217 1221 1227 1253 1254 1258 1271 1289 1296 1299 1306 1312 1313 1320 1357 1365 1382 1423 1456 1464 1477 1478 1484 1488 1503 1515 1527 1530 1546 1560 1579 1593 1599 1605 1607 1615 1616 1619 1620 1627 1629 1641 1657 1670 1694 1699 1709 1714 1722 1726 1728 1729 1755 1773 1777 1778 1793 1798 1831 1835 1885 1889 1906 1910 1923 1931 1947 1958 1959 1963 1970 1982 1983 1984 1995 2003 2021 2022 2023 2026 2049 2071 2073 2097 2098 2118 2127
falling
18 749 829 1204
path
18 24 26 109 171 254 416 472 507 511 581 630 754 826 867 869 1064 1112 1148 1191 1204 1277 1312 1361 1423 1494 1609 1664 1684 1727 1733 1920 2023
sum
18 27 40 68 68 70 73 119 129 137 152 154 185 194 202 210 226 243 255 279 280 282 323 363 363 364 380 395 400 416 464 473 489 496 502 514 527 528 537 561 582 613 618 619 656 669 670 688 703 719 772 792 805 821 831 834 839 842 867 911 939 940 950 951 953 963 972 1023 1035 1037 1039 1040 1092 1109 1128 1143 1169 1171 1179 1194 1203 1204 1209 1226 1270 1295 1296 1299 1323 1326 1358 1361 1362 1367 1405 1409 1421 1423 1471 1492 1557 1560 1567 1582 1598 1620 1622 1627 1629 1640 1649 1664 1667 1670 1716 1781 1826 1827 1849 1863 1867 1868 1873 1875 1879 1892 1903 1929 1933 1940 1968 1977 2008 2024 2025 2045 2069 2071 2100 2108 2115 2129
determine
19 141 378 479 941 1780
winner
19 357 646 860 1185
bowling
19
subtree
20 246 448 613 663 961
another
20 90 1708 2007 2037
tree
20 54 82 106 119 128 165 167 195 201 231 246 269 292 296 314 331 337 358 384 396 415 428 482 490 492 496 540 560 565 567 567 651 661 686 704 753 780 820 822 827 847 867 879 896 908 962 963 963 1007 1035 1049 1059 1071 1088 1112 1120 1183 1195 1231 1265 1268 1281 1337 1340 1374 1396 1404 1435 1450 1459 1460 1465 1466 1472 1496 1511 1517 1545 1555 1563 1583 1602 1630 1637 1703 1725 1733 1744 1763 1824 1842 1896 1939 1963 1983 1985 1995 2007 2057 2119 2129 2130
plus
21 639
one
21 177 178 254 458 512 581 737 798 882 921 928 1545 1679 1690 1715 1849 2077
move
22 379 504 819 1254 1675 2059
pieces
22 425 1655
obtain
22 491 1797
string
22 37 39 42 45 53 55 66 74 85 136 139 143 151 176 215 221 222 227 256 277 304 316 320 326 360 368 376 386 419 426 452 453 460 481 486 501 562 564 576 593 656 668 672 701 711 716 771 773 777 807 818 850 859 863 927 954 983 995 1009 1047 1086 1101 1126 1136 1155 1166 1188 1205 1253 1279 1287 1289 1300 1339 1341 1350 1369 1391 1402 1412 1417 1432 1434 1435 1437 1462 1467 1487 1513 1526 1551 1581 1585 1614 1624 1658 1713 1715 1753 1772 1780 1793 1799 1811 1862 1866 1915 1917 1934 1948 1953 1960 1971 1984 2005 2037 2037 2047 2048 2049 2069 2092 2104
elements
23 63 108 108 302 375 377 471 477 553 555 592 596 609 614 718 820 831 852 1004 1135 1202 1215 1365 1378 1541 1599 1653 1722 1781 1819 1889 1909 2108 2118
not
23 90 886 1925
equal
23 48 68 73 129 175 211 214 232 280 298 329 372 450 531 556 592 625 633 666 702 824 832 835 885 894 961 997 1063 1118 1150 1169 1252 1269 1303 1325 1365 1378 1405 1472 1478 1557 1579 1636 1715 1722 1782 1796 1909 2041 2118
average
23 269 298 547 851 858 961 1140 1278 1392 1898 1987 2014
neighbors
23 746 1655
shortest
24 29 81 109 159 266 332 507 514 515 771 909 929 1064 1176 1609 1727 1732
grid
24 71 315 343 391 398 433 571 578 581 810 813 826 849 878 893 1043 1286 1515 1523 1525 1691 1802 1829 1920 2002 2050
obstacles
24
elimination
24
set
25 157 510 600 605 1029 1930
intersection
25 264 438 1865 1932
size
25 41 53 86 172 298 521 1389 1560 1663 1669 1862
at
25 47 101 151 254 325 514 581 746 790 892 977 994 1029 1232 1510 1668 1799 1840 2027 2043
least
25 514 581 790 977 1058 1512 1840 2027 2043
longest
26 85 101 149 152 204 285 317 441 523 525 556 570 699 713 738 750 754 784 790 806 824 850 862 869 882 946 947 1070 1110 1164 1188 1191 1196 1336 1348 1379 1380 1407 1424 1480 1485 1491 1644 1695 1707 1721 1843 1888 1912 1916 1918 2036 2058 2091
increasing
26 63 149 314 401 453 623 737 764 784 862 893 1223 1250 1461 1470 1513 1912
matrix
26 27 33 52 75 126 142 202 254 351 395 538 605 674 693 887 941 982 1054 1085 1116 1147 1209 1211 1237 1261 1276 1290 1436 1471 1611 1727 1728 1728 1861 1863 1887 1996 2039 2044
block
27
lucky
28 1237
an
28 44 95 116 176 210 229 237 253 305 363 375 406 463 530 553 575 626 642 646 670 679 681 733 738 740 747 748 808 898 933 1028 1031 1109 1123 1166 1184 1279 1338 1343 1402 1475 1490 1532 1636 1646 1751 1768 1808 1819 1857 1899 1974 1986 2080 2087 2101
cycle
29 165 287 461 1196
create
30 125 294 684 816 1050 1703
components
30 1260 1370
same
30 379 471 513 838 1018 1268 1651 1655 1682 1693 1738 1779 2094
value
30 175 221 228 448 450 561 742 822 1003 1138 1146 1190 1232 1279 1281 1392 1520 1654 1657 1717 1743 1756 1834 1850 1931 1956 1998 2030 2071 2076 2107
boomerangs
31
triangle
32 239 745 924 974 1443 1979
area
32 308 354 787 1094 1159 1837 1911 1922 1958
reconstruct
33 1396 1689 1844
2-row
33
binary
33 54 66 82 106 123 126 167 195 245 246 254 269 292 331 337 358 373 384 396 400 412 415 426 428 482 483 488 496 501 540 555 560 565 567 600 651 686 701 704 753 780 820 823 824 827 842 847 867 904 908 921 962 963 998 1007 1035 1049 1059 1071 1088 1120 1188 1231 1265 1289 1314 1337 1339 1340 1388 1404 1434 1435 1450 1459 1460 1466 1472 1496 1511 1515 1517 1542 1555 1563 1574 1583 1585 1594 1602 1630 1637 1674 1703 1725 1727 1728 1733 1744 1763 1824 1862 1901 1953 1963 1971 1985 2007 2057 2116 2119 2129 2130
total
34 42 186 480 724 918 1005 1074 1145 1224 1326 1612 1729 2021
importance
34 952
roads
34 1312
basic
35 449 1264
calculator
35 449 1064 1264 1292
iv
35 117 132 137 173 459 489 674 1139 1193 2018 2060
maximize
36 306 571 808 863 957 992 1366 1596 1777 1834 1848 1951 2101
win
36 87 1091
segments
36 372 1017 1624 1871
reorganize
37
furthest
38 350
houses
38 2078
different
38 144 433 695 1046 1191 1432 1506 1989
colors
38 109 433 638
construct
39 106 331 386 549 604 657 1049 1183 1415 1435 1496
di
39 1369 1800
partition
40 67 129 151 280 311 534 557 792 865 898 1009 1447 1557 1902
for
40 122 189 214 273 326 428 440 497 570 644 654 683 763 781 1100 1157 1444 1447 1579 1627 1724 1755 1800 2073
latest
41 694 1321 1489 2088
group
41 359 897 1019 1149 1389 1389 1528 2056
m
41 271 1527
appeal
42
throne
43
inheritance
43
xor
44 238 372 446 618 666 733 748 760 763 948 1053 1598 1681 1752 1998 2089 2124
operation
44 268 1244 1724
k-th
45 410 602 841 1841
lexicographical
45 145 602 1730
happy
45 850 1707 1711
strings
45 46 98 168 176 179 215 329 347 370 479 537 604 698 706 708 953 976 997 1076 1089 1230 1238 1280 1363 1387 1416 1478 1610 1627 1632 1677 1715 1724 1770 1782 1921 1947 1952
length
45 73 165 217 271 285 336 413 806 1065 1095 1115 1235 1300 1421 1492 1673 1793 1803 1840 1875 1914 1951 1984
n
45 306 518 659 689 849 1029 1141 1245 1247 1953 1977
nesting
46 912 1894
depth
46 415 912 1231 1896
valid
46 101 153 310 346 549 562 576 581 712 720 830 861 874 875 884 924 975 1131 1156 1157 1447 1710 1800 1820 1845 1856 1887 1919 1920 1934 2019 2059 2102
parentheses
46 136 148 562 861 874 912 1156 1288 1506 1746 1789 2067 2110
possible
47 260 373 685 1096 1151 1790
after
47 58 96 105 115 142 246 300 306 377 427 492 495 513 518 532 552 553 561 579 712 839 966 987 1003 1058 1094 1175 1178 1433 1487 1505 1541 1551 1585 1649 1662 1668 1681 1717 1793 1831 1848 1968 1984 2069
most
47 60 151 254 335 440 613 1022 1029 1112 1119 1440 1483 1535 1621 1668 1738 1747 1810 1974
k
47 53 70 151 181 185 192 195 208 211 271 289 298 300 348 477 500 514 552 596 604 649 658 723 790 805 824 834 846 848 864 865 988 1017 1039 1058 1098 1123 1145 1155 1190 1192 1215 1296 1303 1393 1471 1492 1505 1522 1557 1582 1608 1653 1668 1705 1720 1723 1736 1755 1840 1848 1862 1875 1881 1905 1916 1989 2001 2012 2021 2044 2098 2108 2125
adjacent
47 376 471 612 716 1021 1191 1255 1287 1755
swaps
47 359 1021 1289 1433 1478 1515 1755 2049 2104
on
47 231 267 325 362 492 577 614 631 632 775 899 1125 1185 1587 1751 1753 1766 2000 2003 2059 2091
digits
47 68 198 442 443 466 623 644 694 839 1031 1051 1109 1192 1199 1582 1833 1844 2069 2082 2099
operations
48 79 231 300 306 329 343 406 458 495 563 736 740 764 780 901 923 954 956 983 987 1003 1028 1169 1178 1254 1299 1313 1365 1487 1546 1565 1681 1714 1797 1812 1909 2021 2026 2118
make
48 66 79 98 168 200 205 244 329 332 343 372 383 420 458 501 531 563 576 581 594 636 672 702 737 764 777 832 861 868 885 923 926 927 983 997 1000 1005 1080 1087 1127 1156 1173 1186 1202 1210 1223 1253 1269 1289 1320 1365 1464 1472 1478 1518 1527 1546 1634 1694 1715 1772 1812 1826 1895 1909 1917 1925 1926 1947 2026 2041 2049 2117 2118
ways
49 207 244 320 348 486 513 552 695 726 812 849 892 898 1019 1063 1126 1236 1280 1396 1399 1474 1506 1634 1643 1651 1787 1808 2066 2078
separate
49 1031
numbers
49 78 105 114 124 138 145 245 282 339 443 463 517 584 653 681 723 748 842 875 899 906 955 989 1018 1029 1039 1051 1054 1063 1127 1237 1282 1296 1323 1325 1392 1425 1588 1608 1631 1858 1892 1968 2013 2033 2082 2100
power
50 147 682 1576 1962 2107
four
50 839 1558
process
51 1062 1278
restricted
51 1639
friend
51 1022
requests
51 1022 1747 1813
sort
52 89 229 589 638 645 648 660 773 780 804 906 954 1221 1250 1398 1490 1589 1595 1660 1981 2107 2131
diagonally
52
divide
53 442 723 769 1077 1150 1252 1787 1906 2109
into
53 129 151 392 593 769 792 812 877 989 1150 1252 1337 1341 1390 1532 1815 1902 1906
groups
53 295 333 370 721 769 1115 1238 1452 1660 1897 1906 1969 2047
complete
54 296 971 1168 1370 1488
inserter
54
lcp
55
validate
56 1706 1824
stack
56 104 268 715 740 1144
sequences
56 93 1401 1635
brick
57
wall
57
match
58 565 1086 1369
substring
58 96 326 430 431 570 652 671 750 790 806 882 954 1110 1118 1188 1336 1424 1485 1491 1518 1605 1730 1850 1913 1914 2058 2086 2089
replacement
58 317 752
delete
59 228 258 265 286 691 777 926 1001 1186 1327 1345 1627 1724 1895 1956 2054
node
59 201 340 554 567 1014 1195 1345 1376 1591 1639 1816 1846 1890 1928 1963 2007 2054
frequency
60 104 645 717 894 1008 1250 1266 1384 1548 1952
frequent
60 192 613 1119 1215 1974
element
60 76 172 173 351 363 542 587 598 614 733 737 888 1119 1121 1175 1242 1305 1317 1335 1411 1531 1607 1626 1776 1848 2080 2113
domino
61 1579 1719
and
61 106 108 161 175 187 194 204 240 286 298 328 331 339 340 363 369 437 487 601 609 618 621 659 660 673 691 725 785 803 835 848 851 938 955 977 981 1045 1071 1092 1094 1109 1175 1182 1189 1194 1205 1220 1236 1245 1275 1306 1307 1321 1416 1449 1496 1500 1519 1539 1550 1559 1636 1666 1764 1768 1776 1796 1806 1809 1823 1839 1845 1868 1887 1908 1923 1931 1942 1997 2018 2035 2098 2111
tromino
61
tiling
61 424
squares
62 248 424 749 1322 2050
sorted
62 65 202 243 332 351 550 684 708 772 827 846 868 926 959 983 1023 1054 1088 1186 1187 1258 1411 1497 1564 1626 1776 1806 1838 1895 2015 2028 2085 2090 2117
difference
63 111 194 281 340 363 377 444 499 500 530 566 609 629 766 792 858 865 914 951 1047 1217 1407 1629 1750 1931 2098
between
63 80 194 308 340 363 390 609 615 696 707 825 852 914 1118 1138 1499 1549 1700 1779 1789 1822 1923 1931 2009 2098
stream
64 1121 1234 1788 1832 1899
as
64 1096 1096 1375 1387 1901
disjoint
64 1902
intervals
64 852 1153 1419 1568 1902 1906 2029
remove
65 76 134 376 402 431 716 737 918 1010 1037 1134 1135 1156 1192 1266 1288 1316 1357 1376 1596 1655 1807 1838 2028 2029 2067 2085
duplicates
65 376 716 933 1327 1838 2028 2085
changes
66
alternating
66 109 501 502 563 823 1289 1667
max
68 354 422 530 569 593 707 768 775 805 857 868 1298 1654 1805 2004 2117
pair
68 410 505 703 825 1095 1789
display
69
table
69 616 664 1329 1580
food
69 174 1167 2011
orders
69 72 219 1247
restaurant
69 341
append
70 927
integers
70 89 107 458 473 495 1058 1114 1179 1229 1419 1430 1432 1498 1547 1716 1788 1961 1977 1989 1992 2107 2109
minimal
70
cost
71 208 301 321 379 510 526 575 581 652 654 714 721 826 885 1005 1011 1032 1145 1312 1395 1593 1657 1709 1995
homecoming
71
robot
71 452 1161 1201 1438 1765
backlog
72
side
73 482 614
square
73 160 374 378 411 455 738 830 876 1063 1270 1354 1892 1919
less
73 289 556 824 2012
than
73 289 298 303 524 556 718 725 805 824 1137 1378 1626 1858 1871 2012
or
73 271 298 429 468 556 702 782 824 838 1273 1378 1467 1540 1690 1738 1798 1901
threshold
73 135 298 324 718 746
divisibility
74 1015
pyramid
75
transition
75
sudoku
77 2102
solver
77
self
78 105 650 710
dividing
78
similar
79 1089 1984 2047
rearrange
80 302 348 1069 1329 1366 1772 1971
spaces
80 807
words
80 192 203 310 462 520 523 546 611 788 844 900 966 980 1069 1157 1214 1391 1437 1451 1679 1685 1702 1913 1975 2111
bridge
81 751
search
82 213 314 322 412 550 555 621 704 753 827 847 847 904 962 963 1049 1088 1276 1337 1404 1436 1450 1524 1583 1824 1882 2015 2111
iterator
82 809 1100 1142 1521
watering
83 1872
plants
83 1872
special
84 107 126 634 1207 1308 1312 1339 1378 1641 1972
quadruplets
84 401
chain
85 1095
reduce
86 891 921 956 1028 1442
half
86
hours
87
training
87
competition
87 253 1452
goal
88
parser
88 647 1600
interpretation
88
1
89 1365 1774 1953
bits
89 600 823 944 1182 1508 1774
people
90 610 632 648 1389 1441 1773 1821 1851
whose
90 1296 1471 1941
favorite
90 267 267
companies
90
subset
90 280 677 1598 1734
jumps
91 1271
reach
91 321 350 454 552 730 881 1021 1197 1477 1615
home
91
profit
92 1093 1810
job
92 1227
scheduling
92 580
distinct
93 387 495 531 899 1090 1402 1571 1592 1669 1875 1966 2063 2094
roll
93 1893
altitude
94
k-diff
95
mutating
96
climbing
97 526
stairs
97 526
steps
98 513 552 921 1253 1442 1668 1926 1947
anagram
98 1856 1947
kids
99
greatest
99 161 228 614 969 1610 1929
candies
99 181 910 1334 1593 1821
break
100 183 796 1976 2037
obstacle
101 1197
course
101 132 456 836 937
each
101 163 182 228 279 440 448 497 597 695 763 822 848 917 1157 1254 1305 1591 1612 1789 1816
position
101 379 427 552 1444 1776 1882
sub
102
islands
102 476 990
allocate
103
mailboxes
103
smaller
105 108 1858
preorder
106 337 565 879 1049 1374 1460 1496
postorder
106 331 896 1466
traversal
106 128 331 337 565 686 879 896 984 1049 1340 1374 1466 1496 1637 1985 2130
strictly
108 737 1223 1454
greater
108 173 298 451 542 598 718 725 963 1137 1378 1465 1531 1890
lowest
110 1583 1744 2098
common
110 193 403 521 947 969 1146 1219 1583 1610 1621 1679 1732 1744 1843 1888
ancestor
110 340 1195 1583 1744
deepest
110 663 940
leaves
110 821 940 1956
submatrix
112
rearrangements
112
strong
113 728
password
113 728
checker
113 728 919
closest
114 528 596 992 1011 1181 1198 1249 1331 1393 1404 1928 1940 2030
prime
114 387 421 561 600 1024 1244 1544 1841
range
114 463 477 667 735 772 955 1171 1229 1295 1384 1476 1547 1567 1570 1622 1720 1751 1752 1874 1921 1927 2115
occurrences
115 232 431 671 732 949
bigram
115
score
116 142 154 289 300 306 365 492 553 554 595 744 833 844 881 960 967 1015 1162 1314 1366 1551 1565 1595 1599 1616 1746 1792 1883 2004 2062
prefixes
116 277
stone
117 197 356 408 799 1038 1084 1122 1213 1794 2068
products
118 383 837 1034 1329 1528 1550
ordered
118 1899
period
118
distances
119 1779 2045
relative
120 589
ranks
120
best
121 505 1045 1444 1500 1539 1809 1839 1855 2018 2105
team
121 131 1079
no
121 308 805 1255
conflicts
121
cut
122 1032 1099
off
122
trees
122 373 483 555 904 998 1310 1574 1835
golf
122
event
122 290
prefix
123 193 256 537 621 788 947 1053 1366 1375 1707 1880 1918
divisible
123 677 864 1000 1224 1392 1471 1636 1653 1736 1826 1881 1929 2001
5
123 303 2027
adding
124 148 807 966
negabinary
124
merge
125 301 474 615 706 846 1153 1187 1230 1499 1574 1907 2070 2090
bsts
125
single
125 218 235 1267 1411 1414
bst
125 489 696 766 1242 1449 1465 1651 2054 2115 2129
positions
126 1969
investments
127
2016
127
n-ary
128 896 1374 1896
level
128 496 686 780 1985 2130
order
128 314 602 686 786 794 982 1050 1340 1461 1485 1606 1730 1985 2130
three
129 147 433 473 582 633 662 729 798 812 977 1036 1272 1392 1525 1669 1830 1860 1929 1931 2033
parts
129 270 633
artifacts
130
that
130 177 297 374 442 473 567 591 655 666 838 865 911 916 1199 1214 1294 1387 1392 1412 1680 1747 1873 2091 2128
be
130 332 428 562 591 941 1214 1294 1573 1613 1680
extracted
130
performance
131
schedule
132 456 836 937 1227
good
133 345 585 632 675 698 744 908 991 1020 1126 1248 1257 1280 1291 1475 1566 1742 2013 2120
sub-folders
134
filesystem
134
divisor
135 969 1538 1610
given
135 143 176 221 260 277 473 486 557 644 683 788 831 994 1029 1050 1232 1389 1407 1510 1734 1850 1873 1887 1914 1928 1956
insertions
136
balance
136 1450
combination
137 527 725 1100 1203 1409
replace
138 326 375 487 520 614 637 916 1026 1205 2099
non-coprime
138
moves
139 200 307 504 592 881 1043 1155 1210 1615 1722 1848 1931
convert
139 493 827 901 1088 1155 1313 1465 1532 1572 1594 1728 1815 1885 1973 2069
palindromic
140 217 441 750 1010 1046 1065 1107 1133 1454 1581 1687
subsequences
140 144 569 697 863 877 1010 1020 1046 1065 1133 1308 1571 1767 1873 1951 2063
if
141 171 175 176 232 256 339 344 479 562 582 590 675 712 819 864 954 1154 1245 1350 1371 1375 1447 1547 1573 1588 1655 1702 1715 1775 1780 1806 1840 1861 1862 1920 2037
events
141 591 1680 2105
have
141 232 776 1072 1412
conflict
141
flipping
142 551 1184
unique
143 155 224 443 536 593 597 637 676 690 701 732 818 900 904 1020 1058 1087 1133 1300 1781 1977 2048
characters
143 232 257 531 645 722 777 790 798 927 938 997 1026 1118 1191 1214 1219 1234 1300 1412 1424 1592 1669 1772 1830 2031 2099
substrings
143 151 177 217 226 304 488 509 593 625 818 1012 1090 1107 1216 1386 1387 1603 1669 1789 1793 1828 1830 1883 1953
gcds
144
push
146
dominoes
146
minimize
148 445 446 480 499 609 703 792 918 987 1105 1311 1397 1771
result
148 1596
expression
148 397 973 1332 1657 1735 2062 2076
subsequence
149 152 285 441 502 525 595 699 784 794 824 833 862 927 949 1002 1057 1407 1440 1470 1492 1529 1546 1592 1644 1695 1843 1903 1912 1916 1933 1940 2036
unequal
150 1005
triplets
150 666 991 1475 1504 2070
values
151 538 825 828 1123 1173 1341 1760 1907 1995
limited
152 1673
clock
153 1700
times
153 271 426 977 1916
compatibility
154
paths
155 205 405 536 690 893 934 1248 1265 1353 1471 1472 1602 1639 1673 2004 2096
lexicographically
156 360 452 549 668 1487
palindrome
156 164 168 200 413 421 523 604 713 796 883 909 968 975 986 1012 1139 1170 1198 1253 1385 1518 1618 1721 1951 2019
infinite
157
design
158 199 268 478 506 635 747 1064 1129 1172 1263 1285 1360 1427 1554 1759 1761 1899 1957 2011 2053 2111 2122
underground
158
system
158 265 283 478 635 843 1427 1524 2011
distance
159 195 209 410 696 707 724 746 771 825 982 987 992 1138 1473 1607 1666 1729 2009 2022
character
159 177 317 570 848 882 1087 1952 2048
1-bordered
160
english
161 1451 1844
letter
161 227 371 470 523 800 949 966 1137 1222 1266
upper
161
lower
161 765 782 1540
case
161 371 765
rotate
162 564 1319 1784 1852
function
162 294 418 1127 1263 1663 2030 2077
interval
163 169 288 463 1060 1348
include
163
query
163 281 440 709 763 1295 1567 1622
partitioning
164 989 1139 1170 1618
iii
164 272 416 422 456 467 469 527 536 542 743 871 1186 1211 1267 1391 1408 1731 1741 1804 1809 1864 1964 2068
queries
165 240 246 315 362 444 529 948 1384 1404 1476 1766 1968 2089
salary
166 206 678 851 851 1132 1356
categories
166
coloring
167 313
split
168 215 270 320 383 575 593 812 877 1126 1362 1390 1399 1587 1620 1961
intersections
169
utf-8
170
validation
170
exists
171 176 655
n-repeated
172
2n
172
next
173 451 542 598 1531 1561 1591 1816 1890
buckets
174
feed
174
hamsters
174
check
175 176 232 256 292 339 344 347 562 582 590 675 712 819 855 864 954 1154 1245 1350 1371 1375 1447 1543 1547 1573 1588 1702 1715 1775 1779 1806 1840 1861 1862 1920 2037
has
175 838 1022
original
176 692 1053 1420 1844
encoded
176 1218
differ
177
previous
178
swap
178 570 987 1124 1132 1287 1715 1877 1935
consistent
179
profitable
180 1112
schemes
180
allocated
181
children
181 255 1507
rectangles
182 374 756 1584
containing
182 308 1357 1830 2058
point
182 838 978 1584 1775
word
183 213 266 322 327 541 712 761 895 1008 1067 1070 1375 1375 1387 1480 1482 1573 1621 1641 1671 1692 1702 1803 1880 1976 2022
middle
184 506 1246 1345
items
185 435 1660 1720
beauty
186 226 719 1328
gardens
186
jewels
187
stones
187 251 301 365 918 1346 1738
clone
188 567
user
189
activity
189
past
189
30
189
days
189 216 389 390 518 539 1141 1291 1527
i
189 191 276 598 606 641 735 889 1061 1078 1091 1229 1898 2036 2042
richest
190 519
customer
190 219 1446 1925
wealth
190
product
191 217 261 336 387 541 569 650 883 914 1063 1065 1109 1476 1497 1505 1510 1511 1608 1611 1634 1693 1741 1819 1857 1874 1889 2012 2033
sales
191 1439 1741 1864
analysis
191 641 889 1193 1741 1864
top
192 643 729 1215 1705
price
194 480 1233 1510 1666 1720 2014
nodes
195 286 296 420 548 663 685 696 730 769 908 960 961 1037 1056 1115 1257 1343 1383 1394 1404 1499 1609 1661 1682 1807 1923 1928 1935 2024 2096
subarrays
196 211 289 400 619 812 1040 1042 1075 1160 1269 1273 1303 1367 1405 1421 1463 1638 1647 1653 1708 1742 1875 1905 1989 2003
bounded
196 1232 1438
rotated
198 550 959 1258 1806 2015
hashmap
199
rows
202 214 996 2044
within
203 389 516 625 649 1720
edits
203
dictionary
203 486 679 866 1070 1480
subarray
204 261 332 336 380 514 556 718 744 772 834 929 948 950 1052 1128 1164 1235 1328 1379 1560 1723 1827 1834 1849 1881 1898 2008 2012 2075 2113
bitwise
204 329 618 725 760 835 955 1273 1638 2124
reorder
205 223 1651 1786
routes
205 1924
lead
205
city
205 580 746 1298 1533 1652 1777
zero
205 372 458 725 832 835 956 1037 1249 1442 1468 1690 1728 1797 1977
nth
206 734 930 1376 1434
cutting
207
pizza
207 330
hire
208 1145
workers
208 1145
edit
209
triangular
210
gcd
211 229
advantage
212
shuffle
212 388 859 2087
flip
214 254 483 565 1261 1513
columns
214 926 996 1186 1829 1895
balanced
215 326 451 672 1188 2049 2057
disconnect
216 254
island
216 259 354 2072
biggest
218 1525
placing
219
lemonade
220
change
220 798 1256 1585 1657 1878
numeric
221
decrypt
222 1416
alphabet
222 511
mapping
222
making
224 259
file
224 283 414 869
names
224 1580
nim
225
percentage
227 240 854
row
228 339 353 468 822 1545 1579 1738 1796 1887 2046
rectangle
230 424 544 785 787 805 1159 1206 1415 1837 1859 1958
overlap
230 1980
town
233
judge
233
followers
234
xor-beauty
236
defanging
237
ip
237 1165 1706
address
237 1706
chalkboard
238
pascal's
239 974
quality
240 630
h-index
241 1429
contiguous
242 1871
-
243 489 1002 1295 1327 1567 1622
input
243 489
concatenation
245 742 1543 1782 1913 1936
consecutive
245 251 257 422 473 517 723 877 946 988 1018 1026 1037 1098 1158 1173 1207 1272 1341 1346 1498 1755 1788 1805 2100
height
246 919 964 1659 1762 1835
removal
246 377 1197
reaching
247
points
247 253 308 308 315 491 522 714 721 726 759 775 1393 1395 1766 1923 2079
perfect
248 544 830 1688
implement
249 338 866 1144 1284
trie
249
(prefix
249
tree)
249
matching
250 435 845 1166 1332 1683 1767
players
250 1150 1321 1690
trainers
250
moving
251 1346
until
251 1346
4sum
252 880
archery
253
root
255 685 842 1323 2096
equals
255 619 834 1702
insert
258 288 1327 1337 1882
getrandom
258 1327
o(1)
258 1327
large
259 1740 1900 1969
recipes
260
supplies
260
destroying
262
asteroids
262
incremental
263
memory
263 1172
leak
263
multiple
264 657 662 1954
duplicate
265 283 409 558 588 871 1001 1110 1134 1413 1481 1562
folders
265
completing
266
eat
267 312 1141
your
267 267 278
candy
267 1516 1877 2093
day?
267
increment
268 928
levels
269 2119
detect
271 1016 1322 1523
pattern
271 487 1482 2017
repeated
271 570 1086 1235 1635 1916 2082
more
271 303 524 1626
parallel
272 970
courses
272 970
available
273
captures
273
rook
273
pow(x,
274
n)
274
degree
275 305
connected
275 1812
trio
275
project
276
employees
276 385 524 917 1613 1678 1941
get
278 507 530 625 1098 1334 1431 1525 1651 1792 2061 2071
watched
278
videos
278
friends
278 789 1022 1502
non-overlapping
279 619 1012 1017 1040 1216 1367 1568 1584 2105
sub-arrays
279 298 1867
target
279 323 486 504 528 532 609 619 657 771 881 911 934 1050 1127 1137 1199 1607 1615 1772 1782 2003 2030 2070
genetic
281 417 448
k-mirror
282
memoize
284 814
fibonacci
285 1068 1296 1309 1390
return
286 1161
emitter
290
music
291
playlists
291
completeness
292
assign
293 1575
cookies
293 1597
hello
294
world
294
farmland
295
queens
297
attack
297
king
297
complex
299
multiplication
299 664 1565
maximal
300 680 876 1859
applying
300 1487
sign
302 639 1857
classes
303
students
303 312 994 1595 1705 1942 2006 2062
vowel
304 708 1030 1632 1921
seat
307 1368 1946 2010
everyone
307
widest
308
vertical
308 1094 1340
nearest
309 838
exit
309
entrance
309
maze
309 1740
sentence
310 873 1069 1302 1371 1375 1537 1588 1964
unable
312
lunch
312
border
313
compression
316 2092
repeating
317 430 790 882 1026 1114 1424
zuma
318
population
319
year
319 902
destination
321 892 1477 1533
connectivity
324
skips
325
arrive
325 631 892
meeting
325 1613 1731
ladder
327 1671
mice
328
cheese
328
apply
329 393 406 1247 1305
3n
330
slices
330 628 1002
inorder
331 1496 1637
removed
332 1738
booking
333
concert
333
tickets
333 654 1994
couples
334
holding
334
hands
334 1700
visited
335 398 1925
sector
335
circular
335 357 380 771 1243 1537 1554 1625 1674 2084 2122
track
335
positive
336 655 683 1943 1961 2035 2071
queue
338 506 573 610 1554 1762
using
338 452 1062 1144 1284 1641 2022
stacks
338 1718
every
339 1247
column
339 468 1686 1738 1796 1887
contains
339 871 1413 1481 1862
growth
341
snapshot
342
uni-value
343
object
344
instance
344
class
344
arrangement
346 741 2103
whether
347 941
are
347 479 864 1350 1392 1547 1588 1655 1780 1840 1858
almost
347
equivalent
347 360 483 1350 1719
sticks
348 348
visible
348 522 610
money
349 1212 1507
required
349 405
before
349 1154 1628
transactions
349 381 606 1925
building
350 936 1659 1853
freedom
352
trail
352
ones
353 422 455 601 1498 1755 1805 1871 1876
restore
355 612 1165
pruning
358
1's
359 1840
together
359 539
smooth
361
descent
361
periods
361
stock
361 1045 1233 1448 1500 1539 1809 1839 2018
key
362 793 1650 1974
floored
364
removing
365 579 1306 1382 1541 1793 1866 1883
brace
366
expansion
366
sliding
367 979 1328 1712
window
367 1605 1712
reformat
368 616 1783 2123
say
369
special-equivalent
370
full
373 776 1304 1486 1790
sums
377 657 772 1522 1525 1734 1881 1887 2041
color
378 471 1520 1655
chessboard
378 739 1578 2059
chips
379
invalid
381 1333 2067
network
382 503 559 680 1812
delay
382
coprime
383
cousins
384 1007
needed
385 1971 1994
inform
385
repeat
386
factors
387 403 561 998
capacity
389 1304
ship
389
packages
389
d
389
dates
390
fruit
392
baskets
392
discount
393 1247 1593 1972
prices
393 1972
calculate
394 634 656 1130 1212
delayed
394
arrival
394
diagonal
395 1082 1544 2052
print
396 452 786 980 1468 1869
add
397 420 466 485 653 831 861 1076 1199 1506 1542 1545 1631 1699 1992 2111
operators
397 1512
cells
398 518 538 810 982 1074 1751
eaten
399
apples
399 1959 1983
boxes
402 1180 1334 1853 2094
task
404 1152 2091
scheduler
404 1152
weighted
405
subgraph
405
naming
407
company
407 1941
vi
408 1066
emails
409 1001
matchsticks
411
fixed
413 1647
transpose
414 693
mutation
417
call
418 2077
custom
418 773
context
418
edges
420
degrees
420
even
420 490 584 660 931 1051 1115 1119 1179 1182 1347 1392 1468 1954 1961 1968 2058
person
423 992 1439
fit
423
bus
423 1924 2009 2088
fewest
424
selling
425 2014
wood
425
prefix-aligned
426
frog
427 620 903
t
427
seconds
427
amount
428 617 1130 2127
infected
428
ransom
432
note
432
painting
433 583
skyline
434 1298
problem
434 1519
rule
435
tallest
436
billboard
436
loud
437
rich
437
3sum
439 1331 1854
multiplicity
439
beautiful
440 668 741 1080 1160 1163 1283 1320 2103
item
440
absolute
444 500 556 766 869 951 1023 1217 2076
deviation
445
house
447 467 743 922 2060
robber
447 467 922 2060
missing
448 1178 1359 1678 1937 1943
index
450 1232 1246 1526 1670 1676 1739 1754 1799
numerically
451
decreasing
453 1175
submatrices
455 911 928 1876
evaluate
457 1101 1698 1725
division
457 1083
bit
458 988 1434 1885
decode
460 665 1403 1643 1696 1823 1884 2066
uncommon
462 525 2036
sentences
462 611
odd
463 490 538 660 931 1047 1182 1347 1412 1421 1468 1811 1867 2119
twin
464
n-queens
465 1228
first
468 470 1072 1526 1581 1639 1776 1836 1943 2048
completely
468
painted
468
appear
470 1387
twice
470 2043
trailing
472 1200
zeros
472 588 1499 1871
cornered
472
accounts
474
sell
475 1045 1500 1539 1809 1839 2018
diminishing-valued
475
colored
475 1074 1655
balls
475 870 1254 1549 2094 2097
closed
476
covering
477 1831
lists
477 615 846 1187 1670 1932
movie
478 627
rental
478
close
479
trips
480 971 1559
right
482 614 848 1060 1591 1816 1868
view
482
subsets
484 895 932 1283 1458 1557 1566 1697
array-form
485
cards
491 1158 1461 1955
removals
492 1058 1649 1694
hexadecimal
493
surrounded
494
regions
494 1099
primary
497
department
497 616 729 1356
employee
497 637 917 952 1612 1944 2091
patients
498
condition
498 1873
flips
501 702 988 1728 1885 1910
critical
503 1923
connections
503
box
504 870 1254 1817 1945
their
504 524 1595
location
504
sightseeing
505
front
506
back
506
keys
507 1275 1645
ugly
508 535 1408
cooking
510
board
511 899 1978
stay
513
place
513 1274 2078
some
513 1541
impossible
515 1798
rolls
515
robots
516
budget
516 625
prison
518
take
519 848
gifts
519
pile
519
component
521
factor
521 689
concatenating
523 1708
earning
524
managers
524 2027
min
526 714 715 768
mutated
528
subrectangle
529
changing
530 1599
indices
532 660 907 1646 2120
sorting
532 795 1302
car
533 1117 1604 1633
fleet
533 1117
labels
534 1760
scores
537 953 1239 2098
spent
539 1612
univalued
540
lengths
541
instructions
543 684 813
texts
545
expressive
546
finding
547 584 1534 2025
mk
547
reachable
548 1383 1775
subdivided
548
card
551
exactly
552 658 2108
marking
553
edge
554 1673 1737
continuous
556 806 862 923 929 950
diff
556
according
557 1945
pivot
557 1676 1818
when
559 829
becomes
559
idle
559
replacing
561 694
corresponding
567
permutations
568 840 1800
dot
569
happiness
571
combinations
572 800 2059
orderly
573
only
574 1603
letters
574 844 1134 1293 1297 1779
additions
576
collisions
577 2000
road
577
shift
578
2d
578 1276 1436 1523 1532 1567 1815 1907
resultant
579
anagrams
579 711 897 1174
powers
582 1476
describe
583
3-digit
584
meals
585
student
586 916 1061
attendance
586 1061
record
586 1061
majority
587 888 2113
it
590 675
straight
590
line
590 775 1017 1377 1503
attended
591 854 1680
empty
594
subjects
597
taught
597
teacher
597
water
599 890 1418 1519 1535 1586 1619 2064
bottles
599
representation
600 921 1674
zeroes
601 605 1200 1663 1675
monthly
606
super
607 913 1103 1208
washing
607
machines
607
chosen
609
found
611 828
fill
617 1891
cups
617
suffix
621 813 1910
random
622 640 978 1014 1261 1584 1754 2065
pick
622 640 1158 1754
weight
622 1084 1794
monotone
623 1513
squareful
624
k-sum
626 857
rating
627 2011
arithmetic
628 636 699 1002 1407 1463 1504 1757
speed
631
based
632 1113 1587
statements
632
bonus
634 1944
parking
635
progression
636
id
637
identifier
637
blacklist
640
market
641
punishment
642
travellers
643
mini
647
cheapest
649
flights
649
stops
649 999 2009
except
650
distribute
651 910 1114 1507 1821
coins
651 1190 1455 1939 2061
its
655 1194 1245
negative
655 1054 1611 2035
build
658 740 1280 1808 2039
comparisons
658
egg
659 913
drop
659 913
2
659 1645 1962
eggs
659
floors
659 1207 1207
independently
660
symmetric
661
message
665 1587
star
669 925
hourglass
670
deletions
672 1000 1080 1087 1753
addition
673 1320 1570
subtraction
673 1244
spiral
674 1116 1211 1996
email
676
addresses
676 1165
second
678 1477 1960 1963
verifying
679
alien
679
rank
680 1085 1111 1239 1372 1986
disappeared
681
heroes
682
solution
683
equation
683 1654 1749
through
684 1480 1543
stamping
687 1286
k-concatenation
688
earn
691 726
recover
692 704 879
hidden
694 1401
wear
695
hats
695
other
695
non-decreasing
697 755 1926
monotonic
700
b
702
c
702
roman
705 1617
subtrees
707 1562
cities
707
trimmed
709
crossing
710 1277
substitutions
712
chunked
713
decomposition
713
connect
714 721
tracker
717 1111
varying
718
removable
722
sets
723 1017
hamming
724 987 1473
balloons
727 1073 1982
salaries
729
vertices
730
image
731 1184 1852 1980
smoother
731
magical
734 995
streak
738
transform
739 1085 1305 1986
paint
743 849
perimeter
745 1959 2072
atm
747
machine
747 1278
trim
753
univalue
754
interchangeable
756
ideal
757 1695
lfu
758
visiting
759 1609
neighboring
760
guess
761 782 1540
grumpy
762
bookstore
762
owner
762
doubled
767 1420
n-th
770
tribonacci
770
lru
774
rounds
776 1321 1488
played
776
fancy
777 1426
bad
778 1836
counter
779 1081
weeks
781
which
781 917
work
781 1027 1810
higher
782 1540
7
783
circle
785 978 1077 1438 1766 2079
overlapping
785 1019
counting
788 1508
unhappy
789
daily
791 1764
temperatures
791
slowest
793
non-increasing
794
pancake
795
escape
797 1033 1740
ghosts
797
satisfy
798 1873
conditions
798 1532 2039
viii
799
phone
800 875 1783
cherry
801 1886
pickup
801 1845 1886
enclaves
802
snakes
803
ladders
803
parity
804 1433 2131
larger
805
alphabetical
806
confusion
808
exam
808 1428 2006
rle
809
unguarded
810
knight
811 855 1578
dialer
811
execution
813
staying
813
distant
815
barcodes
815
dining
817
philosophers
817
wraparound
818
legal
819
contaminated
820
left
821 848 1281 1868 1941
keep
828 1298
multiplying
828
bricks
829
hit
829
subtracting
832
amounts
832
triples
835 1270
minimized
837
distributed
837
any
837 972 1375 1925
store
837 1113
x
838 956 1378 1378 1955
y
838
coordinate
838 1998
splitting
839 1341 1551
symbol
841
grammar
841
leaf
842 1257 1323 1462 1995 2096
simple
843
bank
843 1212 1291 1509 1785
formed
844 1214
camelcase
845
×
849
3
849 1040
excluding
851
identical
852
reducing
853
dishes
853
users
854 884 1534 1559
contest
854
tour
855
configuration
855
69
856
predict
860
such
865
magic
866 1354 1382 2050
chunks
868 2117
thousand
872
separator
872
truncate
873
visit
878 1493
cell
878
e-mails
884
boring
886
movies
886
toeplitz
887
play
889 1193
trapping
890 2064
rain
890 2064
transformation
891
morse
900
code
900 1241
defuse
905
bomb
905
jumbled
906
marked
907
pass
915 1140
pillow
915
will
916 1665
chalk
916
report
917 1709
gap
920 1388
center
925
unsorted
929
bitwise-or
932
source
934
strange
935 1536
printer
935 1536
h2o
936
1-bit
938
2-bit
938
multiples
939
obtained
941 966 972
rotation
941 1162
eventual
942
safe
942 2074
states
942
rotting
943
oranges
943 1141
earnings
945
taxi
945
k-length
949
built
953
transformable
954
nice
957 1075 1164 1338 1491
divisors
957 1036 1181 1558
mode
962
stacking
964
cuboids
964
spliced
967
parsing
973
boolean
973 1725
isomorphic
976
actors
977
directors
977
who
977 1022 1034 1606 1925
cooperated
977
generate
978 1068 1412 2110
puzzle
979 1157 1757
vertically
980
cat
981 1189
mouse
981 1189
snail
984
incompatibility
985
deci-binary
989
nested
993 1142 2051
generator
993
doing
994
homework
994
redistribute
997
refueling
999
final
1003 1657 1972
variable
1003
performing
1003 1565
filter
1004 1666
poor
1006
pigs
1006
optimal
1009 1083
dessert
1011
redundant
1013 2040
connection
1013 2040
capital
1016 1704 1709
differences
1018 1023 1868
ranges
1019 1128 1632 1965
ii:
1022
arrangements
1024
senior
1025
citizens
1025
?'s
1026
avoid
1026 1652
sessions
1027
finish
1027 1726 1778 1970
tasks
1027 1062 1168 1488 1575 1970
0
1028
spellchecker
1030
stick
1032
spreading
1033
fire
1033
customers
1034 1606
bought
1034
ix
1038
units
1039 1125
eliminate
1041
monsters
1041
zero-filled
1042
shopping
1044
offers
1044
buy
1045 1236 1500 1539 1809 1839 1994 2018
cooldown
1045
third
1048
erect
1055
fence
1055
swapping
1056
wiggle
1057 1398
cameras
1059
servers
1062 1747 2128
stickers
1067
spell
1067
serialize
1071 1449
deserialize
1071 1449
been
1072
rooms
1072 1275 1731 1808
burst
1073 1982
cuts
1077 1094
my
1078 1804 2114
calendar
1078 1804 2114
sufficient
1079
traverse
1082 2052
frequencies
1087
echo
1090
operating
1093
centennial
1093
wheel
1093
piece
1094
cake
1094
horizontal
1094
far
1096
land
1096 2112
satisfying
1097
inequality
1097
recolors
1098
black
1098
blocks
1098
slashes
1099
bracket
1101
repetitions
1102
pow
1103
exchange
1104
seats
1104
corporate
1106
flight
1106
bookings
1106
subtract
1109
sequentially
1111
ordinal
1111
key-value
1113
width
1120 1745 1829
strongest
1123
truck
1125
calls
1127
authentication
1129
manager
1129 1941 2010
paid
1130
taxes
1130
boomerang
1131
length-3
1133
interleaving
1136
ratio
1140
flatten
1142 1315 1517 2051
queues
1144
01
1147
probability
1148 1578 1946 2094
teams
1150 1372 1758
skill
1150
bipartition
1151
a's
1154
appears
1154
b's
1154
up
1158 1199 1977
origin
1161 1393
partitions
1163 1870
immediate
1167
delivery
1167 1845
allocator
1172
rearranging
1175 2106
superstring
1176
provinces
1177
non-negative
1178 1498
delivering
1180
storage
1180
ports
1180
quad
1183
tic
1185
tac
1185
toe
1185
piles
1190
corner
1197
factorial
1200 1663 1672
walking
1201 1765
simulation
1201 1765 1893
decrease
1202
histogram
1206
without
1207 1424 1467 1498
palindromes
1208
complementary
1210
leetcode
1212
vii
1213 1556
decompress
1218
run-length
1218
successful
1220
spells
1220
potions
1220
replacements
1221
tile
1222
possibilities
1222
songs
1224
durations
1224
60
1224
text
1225 1360
justification
1225
running
1226
1d
1226 1815
difficulty
1227
choose
1229
alternately
1230 1869
fluctuation
1233
pens
1236
pencils
1236
bulb
1240 1330
switcher
1240 1330
gray
1241
loop
1243
double
1245 1662
exist
1245
gas
1251
station
1251
insertion
1253 1717 1981
flower
1255
planting
1255
coin
1256 1878
masking
1259
personal
1259
information
1259 1678
combine
1262
tables
1262
cancellable
1263
pseudo-palindromic
1265
equalize
1266
reversing
1269
sideway
1271
odds
1272
flowers
1274 1486
per
1278 1548
bottom
1281
compare
1282 1658 1952
version
1282 1836
rand10()
1284
rand7()
1284
browser
1285
history
1285
lr
1287
outermost
1288
reshape
1290
rob
1291
broken
1292
shifting
1293 1297
enemy
1294
forts
1294
captured
1294
mutable
1295
increase
1298
halve
1299
concatenated
1300 1685
rising
1301 1586
temperature
1301 1572
lcm
1303
bags
1304 1590
rocks
1304
over
1305
rings
1307
rods
1307
leaf-similar
1310
malware
1311 1397
spread
1311 1397
divisions
1314
multilevel
1315
doubly
1315
comments
1316
champagne
1318
tower
1318
earliest
1321 1790
compete
1321
additive
1324
rational
1325
strength
1326
wizards
1326
allowed
1327
regular
1332
tweets
1333
awesome
1336
descending
1341
satisfiability
1342
equality
1342
equations
1342
unreachable
1343
undirected
1343
human
1344
traffic
1344
stadium
1344
well-performing
1348
long
1349 1787
pressed
1349
name
1349
prototype
1351
ice
1352
cream
1352
bars
1352
out
1353 1628 1860
boundary
1353
baseball
1355
cars
1357 1484
illegal
1357
goods
1357
observations
1359
editor
1360
k-similar
1363
dungeon
1364
cinema
1368
allocation
1368
pangram
1371
votes
1372
asterisks
1373
occurs
1375
end
1376
tenth
1377
turbulent
1379
mountain
1380 1694 1739 1820 1990
beans
1382
restrictions
1383
homogenous
1386
they
1389
belong
1389
heaters
1400
slanted
1403
ciphertext
1403
uncrossed
1406
lines
1406 1417 1503
fizz
1410 1701
buzz
1410 1701
counts
1412 1548 2058
encrypt
1416
write
1417
pacific
1418
atlantic
1418
flow
1418
exclusive
1422
functions
1422
lonely
1425
container
1427 1535
room
1428
powerful
1430
generated
1431
competitive
1440
boats
1441
save
1441
service
1444
centre
1444
debounce
1445
referee
1446
there
1447 1920
online
1448 1748 2113
span
1448
entering
1452
chunk
1453
arranging
1455
frogs
1456
croaking
1456
ambiguous
1457
coordinates
1457
square-free
1458
diameter
1459
verify
1460
serialization
1460
reveal
1461
starting
1462
rope
1464
colorful
1464
aaa
1467
bbb
1467
patching
1469
triplet
1470 2070
costs
1472
select
1474
buildings
1474
k-beauty
1479
deleting
1480 1984
popular
1483
video
1483 1495
creator
1483
repair
1484
bloom
1486 1790
login
1489
2020
1489
subdomain
1493
gold
1494
stitching
1495
single-threaded
1501
cpu
1501
appropriate
1502
ages
1502
represent
1503
chart
1503
increments
1505 2003
laser
1509
beams
1509
date
1510 1528 2123
splitted
1511
express
1512
hand
1514 1855
straights
1514
arrange
1515
jug
1519
directed
1520 1846
peeking
1521
cycles
1523
suggestions
1524
rhombus
1525
occurrence
1526 1679
bouquets
1527
sold
1528
space
1530 2021
wasted
1530 2021
packaging
1530
active
1534
minutes
1534
transaction
1539
fee
1539
mean
1541
formation
1543
tweet
1548
magnetic
1549
force
1549
recyclable
1550
low
1550
fat
1550
open
1552 1619
lock
1552
tilt
1555
median
1564 1712 1832 1905
immutable
1567 1622
placed
1573
crossword
1573
rotations
1579 1615
fix
1580
swim
1586
ascending
1588 1827
put
1590
marbles
1590
populating
1591 1816
pointers
1591 1816
buying
1593
distribution
1597
totals
1598
html
1600
entity
1600
asteroid
1601
collision
1601
1s
1603
race
1604 1778
never
1606
non
1611
invited
1613
scramble
1614
triangulation
1616
polygon
1616 2000
taps
1619
garden
1619 1959
koko
1623
eating
1623
bananas
1623
losers
1625
appearing
1626
25%
1626
ascii
1627
moment
1628
ants
1628
fall
1628 1665
plank
1628
squared
1629
pooling
1633
dna
1635
ors
1638
type
1641 1975 2022
typewriter
1641
goat
1642
latin
1642
harmonious
1644
keyboard
1645 2046
k-distant
1646
bounds
1647
russian
1648
doll
1648
envelopes
1648
segment
1649
license
1650
formatting
1650
flood
1652 1891
both
1655
24
1656
backspace
1658
respecting
1660
dependencies
1660
k-group
1661
reversal
1662
preimage
1663
ball
1665
restaurants
1666
vegan-friendly,
1666
fruits
1668 2106
harvested
1668
clumsy
1672
checking
1673
existence
1673
buddy
1677
sub-tree
1682
label
1682
wildcard
1683
simplify
1684
excel
1686 1751
sheet
1686 1751
itinerary
1689
losses
1690
illumination
1691
sender
1692
tuple
1693
xored
1696 1884
polish
1698
notation
1698
rungs
1699
angle
1700
multithreaded
1701
summation
1702
descriptions
1703
gain/loss
1704
reward
1705
fuel
1709
tic-tac-toe
1710
state
1710
reinitialize
1714
dinner
1718
plate
1718
ranked
1720
radius
1723
averages
1723 1879 1966
jobs
1726
traveled
1729
supersequence
1732
labelled
1733
parse
1735
lisp
1735
modify
1737
weights
1737
rearranged
1743
ramp
1745
handled
1747
election
1748
solve
1749
remapping
1750
erasure
1756
verbal
1757
skiplist
1759
twitter
1761
reconstruction
1762
invert
1763
leads
1764
partners
1764
inside
1766 2079 2084
hills
1768
valleys
1768
teemo
1769
attacking
1769
multiply
1770
teach
1773
powered
1777
halves
1780
alike
1780
account
1785
summary
1785 1965
log
1786 1904
files
1786
corridor
1787
contain
1791
virus
1791
new
1795
21
1795
decoded
1799
unoccupied
1801
chair
1801
fish
1802
ant
1808
colony
1808
assigning
1810
achievable
1813
transfer
1813
wrapper
1814
rotating
1817 2002
plates
1822
candles
1822
encode
1823
tinyurl
1823
sleep
1825
p
1826
wonderful
1828
carpets
1831
sequential
1833 2034
places
1840
away
1840
coprimes
1842
options
1845
ancestors
1846
acyclic
1846
matches
1847
tournament
1847
topmost
1848
deletion
1849
hash
1850
secret
1851
poker
1855
how
1858
many
1858
current
1858
x-matrix
1861
codes
1862
stars
1866
foobar
1869
great
1870 1917
longer
1871
abbreviating
1874
subpath
1888
non-zero
1889
dice
1893
getting
1897
fresh
1897
donuts
1897
statistics
1900
sample
1900
logical
1901
grids
1901
represented
1901
quad-trees
1901
constrained
1903
crawler
1904
folder
1904
summing
1907
bulls
1908
cows
1908
reduction
1909
surface
1911
3d
1911 1922
shapes
1911 1922
3-same-digit
1915
uploaded
1918
projection
1922
but
1925
did
1925
module
1927
mismatch
1930
widths
1933
parenthesis
1934
big
1938
countries
1938
collect
1939 1959 1983 2127
examinations
1942
categorize
1945
criteria
1945
airplane
1946
assignment
1946
(atoi)
1948
capitalize
1949
title
1949
promise
1950
representing
1953
kind
1955
deck
1955
enough
1959
reordered
1962
similarity
1964
dota2
1967
senate
1967
initial
1970
energy
1970
shop
1972 2073
-2
1973
following
1974
battleships
1978
judgement
1979
arrows
1982
ends
1984
waiting
1987
mirror
1988
reflection
1988
ipo
1991
week
1993
global
1997
local
1997
inversions
1997
filling
1999
bookcase
1999
shelves
1999
monkeys
2000
cyclically
2002
taking
2006
step-by-step
2007
directions
2007
minimums
2008
reservation
2010
132
2017
atoms
2020
resizing
2021
fingers
2022
effort
2023
even-valued
2024
grandparent
2024
certain
2025
k-increasing
2026
direct
2027
reports
2027
mysterious
2030
weak
2031
destroy
2034
targets
2034
excellent
2038
k-subarray
2041
article
2042
views
2042
others
2043
weakest
2044
deeply
2051
bitset
2053
tag
2055
validator
2055
solving
2062 2083
math
2062
copy
2065
pointer
2065
step
2071 2071
penalty
2073
cracking
2074
min-product
2075
allow
2077
lattice
2079
life
2081
questions
2083
brainpower
2083
darts
2084
dartboard
2084
variance
2086
catch
2088
worked
2091
tastiness
2093
basket
2093
having
2094
minesweeper
2095
insufficient
2096
bag
2097
greatness
2101
fertile
2112
pyramids
2112
watch
2116
detonate
2121
bombs
2121
deque
2122
pairings
2124
inverse
2125
confirmation
2126
rate
2126
garbage
2127
communicate
2128
